  -3.484487295151e+00   4.248739719391e+00  -2.156471061707e+01   2.642191052437e-01   3.063287436962e-01   2.495454847813e-01
   1.470861434937e+00   3.481893539429e-01  -3.692401504517e+01   1.912126317620e-02   7.595914602280e-02   2.936375141144e-01
   5.469512939453e-02  -3.980629444122e-01  -3.902095794678e+01  -2.064782232046e-01  -1.373642086983e-01   2.241034805775e-01
  -3.293607234955e-01   8.054852485657e+00  -2.369654273987e+01   8.543676137924e-02  -3.969486802816e-03   2.569877207279e-01
   5.102700233459e+00  -4.687115669250e+00  -4.357149505615e+01  -3.624767437577e-02  -2.639110982418e-01   1.806167960167e-01
   5.825016975403e+00  -1.057831287384e+01  -2.298649215698e+01  -9.659771621227e-02   5.039505660534e-02   2.258140593767e-01
   4.438889980316e+00   1.531174182892e+00  -3.388555145264e+01  -1.313926428556e-01   2.248878031969e-02   2.449536323547e-01
  -1.327951431274e+00  -1.126823425293e-01  -3.753376770020e+01  -1.522195935249e-01  -2.692667767406e-02   2.349292337894e-01
  -3.054512500763e+00   6.149019718170e+00  -3.022245788574e+01   5.679334048182e-03   1.097892671824e-01   9.085531532764e-02
   1.468372821808e+00  -1.324639797211e+00  -4.393836975098e+01  -2.194379568100e-01  -6.345153599977e-02   2.732075750828e-01
  -1.724932670593e+00  -4.210449218750e+00  -2.448417663574e+01  -1.926095187664e-01  -7.163880020380e-02   3.294094502926e-01
  -3.912456035614e+00   7.734712123871e+00  -4.191269683838e+01   1.280483901501e-01   1.304227113724e-01   4.322874546051e-01
   2.605238914490e+00  -4.771785736084e-01  -3.870874404907e+01  -1.536864042282e-02  -5.294401198626e-02   3.879642188549e-01
   4.484540939331e+00  -6.398982048035e+00  -2.966522026062e+01   3.262999653816e-02  -1.085341200233e-01   2.299925833941e-01
   7.358667850494e+00  -2.772315979004e+00  -3.943286514282e+01   8.824780583382e-02  -1.960076093674e-01   3.399774432182e-01
   1.862582445145e+00  -3.442857742310e+00  -4.080850982666e+01  -4.590700194240e-02   4.263925552368e-02   1.436711698771e-01
   3.807385921478e+00   7.552137374878e-01  -3.060428619385e+01   1.677369028330e-01  -1.499976962805e-02   2.756850123405e-01
   6.402678489685e+00  -1.163752079010e+00  -2.900625228882e+01  -2.474837005138e-03  -3.347170352936e-02   4.054942131042e-01
  -1.155856609344e+00  -3.273633003235e+00  -3.580240631104e+01  -3.901223093271e-02   1.381717622280e-03   2.337288260460e-01
   1.380967712402e+01  -1.227276802063e+00  -5.216494750977e+01   1.835909485817e-01  -2.738695740700e-01   4.185958802700e-01
  -7.215714454651e+00  -4.333724021912e+00  -4.019506835938e+01   2.166178636253e-02   1.638563722372e-01   2.304190397263e-01
  -4.064557552338e+00  -4.613427162170e+00  -3.019890785217e+01  -2.245982140303e-01   1.053628399968e-01   1.455164551735e-01
   1.851226806641e+00  -2.053355216980e+00  -4.471050643921e+01   5.307806283236e-02  -1.261986345053e-01   4.434413313866e-01
  -3.312530994415e+00   1.041507482529e+00  -2.500781822205e+01  -5.944099277258e-02   1.377621293068e-02   3.356591463089e-01
   8.386802673340e-01   4.338817596436e+00  -3.991423416138e+01   5.756215006113e-02   7.705922424793e-02   3.791976571083e-01
   4.507700443268e+00  -4.288369178772e+00  -2.997575569153e+01  -1.022946387529e-01  -1.438619196415e-01   3.048084676266e-01
  -4.177533149719e+00  -2.378660440445e+00  -2.584060287476e+01  -3.687631338835e-02   1.414360702038e-01   2.132065892220e-01
   1.609574079514e+00   7.111701965332e-01  -2.275745010376e+01  -2.290044724941e-02   1.599200442433e-02   1.606487333775e-01
   3.188551425934e+00  -7.389662742615e+00  -3.558768463135e+01   5.586153268814e-02  -1.267022788525e-01   2.079361826181e-01
  -2.908928871155e+00   2.744978189468e+00  -3.801631164551e+01  -3.400648012757e-02  -1.354360878468e-01   3.439855575562e-01
  -5.504554748535e+00   9.023080825806e+00  -4.637876510620e+01   9.982847422361e-02   1.529096066952e-02   1.691254973412e-01
   1.459033489227e+00   2.892137527466e+00  -2.362782096863e+01   5.992318689823e-02  -2.228367626667e-01   3.036040961742e-01
   2.325111865997e+00  -4.994193553925e+00  -3.042541694641e+01  -2.241962552071e-01   1.027260348201e-01   1.710392832756e-01
  -4.811582565308e+00  -3.706677436829e+00  -3.451663589478e+01  -8.573854714632e-02  -3.102533519268e-02   2.824935317039e-01
   8.446628570557e+00   6.199417114258e-01  -4.658864212036e+01  -7.139936089516e-02  -1.091691553593e-01   3.313416242599e-01
   3.743141651154e+00  -1.132513523102e+00  -3.524596405029e+01  -2.773806080222e-02  -1.068808808923e-01   2.104744911194e-01
   3.161794185638e+00   1.337843418121e+00  -3.456305313110e+01   1.699129194021e-01  -1.512794494629e-01   3.775632679462e-01
   1.470249652863e+00  -5.768256187439e-01  -3.012446212769e+01  -4.586354643106e-02  -3.923210501671e-02   3.458287417889e-01
   9.005064964294e+00  -5.722270488739e+00  -3.467522048950e+01  -1.713193207979e-01  -7.732085883617e-02   2.444158047438e-01
   6.763844490051e-01   1.108166408539e+01  -5.559102630615e+01   3.768664225936e-02   1.068915873766e-01   1.908483505249e-01
   8.057266235352e+00  -6.069055080414e+00  -3.308249664307e+01  -5.644143372774e-02  -6.203147768974e-02   2.654819786549e-01
   9.542581558228e+00  -3.288053989410e+00  -1.796118927002e+01   1.862150430679e-02  -2.811845242977e-01   3.170278668404e-01
   2.122557640076e+00  -8.576443672180e+00  -3.872978591919e+01   5.665385723114e-02   8.458244800568e-02   3.831372261047e-01
   6.547197818756e+00  -5.697855949402e+00  -2.510499191284e+01  -1.539528071880e-01  -2.602181732655e-01   3.016183972359e-01
   7.583620548248e+00  -3.666169643402e+00  -2.972974014282e+01  -1.173666268587e-01  -1.056144163013e-01   2.375585436821e-01
  -2.086936950684e+00  -5.607922554016e+00  -2.499600791931e+01   8.964306116104e-02  -9.828862547874e-02   2.671190202236e-01
   2.948425292969e+00   9.712933540344e+00  -3.652558517456e+01   5.358636379242e-02   9.991359710693e-02   1.908690929413e-01
   1.797641754150e+00  -7.401213645935e-01  -3.590945053101e+01   2.303468808532e-02   1.554145812988e-01   2.418175488710e-01
   8.336704254150e+00  -7.096180915833e-01  -5.122330856323e+01  -5.591448023915e-02   5.347128212452e-02   1.983382105827e-01
   8.949420928955e+00  -1.408272743225e+00  -3.512171173096e+01  -2.384325861931e-02  -2.989631295204e-01   4.010786116123e-01
   5.225434780121e+00   9.253030776978e+00  -2.838785552979e+01   2.349339425564e-02  -1.460272818804e-01   2.726170718670e-01
   2.660679817200e-02  -2.075713396072e+00  -2.147213935852e+01   1.252687126398e-01  -2.064303159714e-01   8.621927350760e-02
  -5.525942802429e+00   9.446671009064e-01  -3.364050674438e+01   9.165785275400e-03   9.962289780378e-02   1.831748038530e-01
   5.342640399933e+00   1.141278266907e+00  -3.026861763000e+01  -2.852019667625e-02  -4.233700037003e-02   3.292348980904e-01
   1.135477352142e+01   2.562176704407e+00  -3.186351585388e+01  -6.060422956944e-02  -1.283810734749e-01   3.258767127991e-01
  -9.661378860474e-01  -1.525588989258e+00  -3.386856079102e+01   3.536631911993e-02  -7.582519948483e-02   3.882444500923e-01
   2.593584060669e-01  -3.266819477081e+00  -3.249382781982e+01  -2.187158316374e-01  -5.522465333343e-02   2.626484334469e-01
  -8.840446472168e+00  -1.020876407623e+00  -3.565663146973e+01  -7.424621284008e-02   1.734508201480e-02   3.055559396744e-01
  -1.191790580750e+00  -9.065493583679e+00  -2.363059616089e+01   1.424581855536e-01  -2.070377767086e-01   2.408403456211e-01
  -7.255153656006e-01  -6.423983097076e+00  -6.662505626678e+00  -1.539963334799e-01   4.679043591022e-02   2.211435586214e-01
   1.767736434937e+00   3.089101552963e+00  -4.572764968872e+01   8.062514662743e-02  -3.452785313129e-03   2.672042846680e-01
   2.454490184784e+00   1.468083858490e-01  -3.930463790894e+01   6.788437068462e-02  -3.293443471193e-03   9.525199979544e-02
   1.116176605225e+00  -7.221087932587e+00  -3.171636009216e+01   6.976973265409e-03  -2.577985227108e-01   2.871081829071e-01
   9.125955104828e-01   3.819203376770e-02  -3.488059616089e+01  -5.511985346675e-02  -1.187182515860e-01   1.580932587385e-01
   1.538189888000e+00  -1.022483730316e+01  -3.200614929199e+01  -3.726741671562e-02  -1.914348900318e-01   2.903057336807e-01
   7.882857322693e+00  -3.846342563629e+00  -3.313847351074e+01   2.266218885779e-02   1.109696105123e-01   1.629893779755e-01
  -6.447736740112e+00   7.871665000916e+00  -4.781523132324e+01   1.601838171482e-01  -3.066315501928e-02   3.657994866371e-01
   8.210738182068e+00   3.356881141663e+00  -3.983942794800e+01   1.069954633713e-01  -2.354280054569e-01   9.588728845119e-02
   4.916326045990e+00   7.164144515991e-02  -3.540732955933e+01   5.371388047934e-03   2.832725644112e-02   2.312574535608e-01
   3.640249252319e+00  -6.660960197449e+00  -3.347333145142e+01   5.644381046295e-03  -1.090631261468e-01   3.322311639786e-01
  -1.728867530823e+00  -5.780596733093e-01  -2.947816658020e+01  -2.477869391441e-01  -2.087235450745e-02   3.723879456520e-01
   2.594371795654e+00  -9.261920928955e+00  -2.668350601196e+01   3.664375841618e-02   9.633217006922e-02   2.774344384670e-01
   3.907701253891e+00   6.027152061462e+00  -3.006018829346e+01   2.230465412140e-02   1.069236993790e-01   2.677026093006e-01
  -1.531968116760e+00   5.122062683105e+00  -4.232305145264e+01   1.197884529829e-01   1.287351399660e-01   2.647911012173e-01
   1.432784557343e+00   6.625463485718e+00  -3.015369606018e+01   2.504237741232e-02  -6.794542074203e-02   3.284807205200e-01
   1.352120876312e+00   5.314717292786e-01  -3.977517318726e+01   5.822490900755e-03  -1.502691954374e-02   2.807060182095e-01
   4.292633533478e+00  -5.035063266754e+00  -3.368770217896e+01  -7.308482378721e-02  -1.355571299791e-01   2.997924387455e-01
  -1.308783292770e+00   5.618521690369e+00  -3.410168838501e+01  -1.105518080294e-02  -1.188178658485e-01   2.512345314026e-01
   1.191254615784e+00  -1.352928638458e+00  -2.744741630554e+01   7.466812431812e-02  -2.879099249840e-01   3.497914671898e-01
   1.264953613281e+00  -8.490649223328e+00  -4.246121978760e+01  -1.602299809456e-01  -2.131114304066e-01   2.642649412155e-01
   2.923767089844e+00  -3.159600734711e+00  -4.467503738403e+01  -5.691102892160e-02  -1.180857270956e-01   4.376197457314e-01
  -4.866877555847e+00  -5.044727325439e+00  -2.059538841248e+01   2.467060461640e-02   6.609415262938e-02   2.744775414467e-01
  -6.872786045074e+00  -2.930864810944e+00  -3.293388748169e+01  -7.038532197475e-02   1.708309948444e-01   3.908600807190e-01
  -1.374965667725e+00  -1.263759374619e+00  -1.569750785828e+01  -8.060915768147e-02  -7.394237816334e-02   3.708564341068e-01
   3.162505626678e-01   1.004368782043e+00  -2.539011383057e+01   3.446706831455e-01  -3.550524637103e-02   1.478117108345e-01
  -1.227738857269e+00   4.120044708252e-01  -4.050275802612e+01   2.025286853313e-02  -3.246099352837e-01   2.339972853661e-01
   6.974501609802e-01  -1.393148183823e+00  -2.752202987671e+01  -9.673202037811e-02   1.379885375500e-01   2.883019149303e-01
  -4.130105018616e+00   1.538472294807e+00  -2.123940658569e+01  -1.815888471901e-02  -2.361086606979e-01   2.303807139397e-01
   1.183447456360e+01   1.610286712646e+00  -4.242471313477e+01  -3.631227463484e-02  -2.405715137720e-01   4.557398855686e-01
   1.084723567963e+01   1.912641525269e-01  -3.922603607178e+01   1.937499046326e-01  -2.749157845974e-01   3.644790649414e-01
  -8.793006896973e+00   7.390310287476e+00  -3.218799591064e+01   2.465470433235e-01   6.763310730457e-02   1.666142791510e-01
  -3.652761220932e+00  -1.692118287086e+00  -3.089005088806e+01  -1.949724256992e-01   7.828384637833e-02   1.913419365883e-01
   3.687889099121e+00  -4.566613674164e+00  -4.973839950562e+01   2.802409231663e-02  -9.612759947777e-02   3.929300308228e-01
  -8.107616424561e+00   5.557873249054e+00  -1.829611015320e+01  -1.907251030207e-02   3.230679780245e-02   1.907222568989e-01
  -5.910739421844e+00  -2.198197126389e+00  -2.833887672424e+01  -8.042383939028e-02  -1.547382473946e-01   2.346132844687e-01
   3.074294090271e+00  -3.342200517654e+00  -2.999004173279e+01   1.616052538157e-02  -7.549973577261e-02   3.917564749718e-01
   2.133460998535e+00  -5.811096668243e+00  -4.567498779297e+01  -1.017488390207e-01  -9.182957559824e-02   2.820339798927e-01
   9.151063919067e+00  -6.435517787933e+00  -2.489890480042e+01  -2.816807031631e-01  -1.179500520229e-01   2.260161638260e-01
   4.616222381592e+00   2.050986766815e+00  -3.781312942505e+01   7.100836932659e-02  -1.640616059303e-01   2.801375985146e-01
   2.154489517212e+00   2.952520847321e+00  -3.828830718994e+01  -1.263474375010e-01  -1.386749297380e-01   3.072104752064e-01
